

Experiment 1: Crossover operator only

GENERATION 50 INDIVIDUALS 100 CROSSOVER PROPABLITY 1 MUTATION PROBABLITY 0
[2016-01-08 12:58:55,908] launcher  INFO       127.0.0.1:	3 + origin 
gen	nevals	avg    	std    	min    	max    
0  	100   	12.2512	1.18548	9.78686	15.0069 
1  	100   	11.3188	0.943838	8.61353	13.9867 
2  	100   	10.5299	0.918922	7.93428	12.8831 
3  	100   	9.76304	0.888132	8.09459	12.0195 
4  	100   	9.14259	0.690931	7.4068 	10.6152 
5  	100   	8.56211	0.553122	7.31313	9.76331 
6  	100   	8.10701	0.526343	6.9447 	9.52694 
7  	100   	7.72706	0.464201	6.77615	8.91153 
8  	100   	7.28974	0.402566	6.45534	8.53236 
9  	100   	6.96681	0.365947	6.28068	7.83357 
10 	100   	6.67691	0.253654	6.26949	7.38123 
11 	100   	6.47446	0.200398	5.89423	6.98623 
12 	100   	6.31101	0.16374 	5.83007	6.8335 
13 	100   	6.19588	0.141312	5.77049	6.53871 
14 	100   	6.07435	0.152759	5.43407	6.42153 
15 	100   	5.9476 	0.172988	5.31958	6.37217 
16 	100   	5.80375	0.205635	5.20429	6.14958 
17 	100   	5.61971	0.20182 	5.16404	5.9975 
18 	100   	5.43986	0.161321	5.09891	5.87049 
19 	100   	5.32007	0.111703	5.04617	5.58587 
20 	100   	5.22151	0.0873257	5.04617	5.43142 
21 	100   	5.15039	0.0808142	5.04617	5.42335 
22 	100   	5.08201	0.049486 	5.02257	5.2218 
23 	100   	5.04716	0.0133922	4.97619	5.13193 
24 	100   	5.03974	0.0196567	4.95571	5.06813 
25 	100   	5.02791	0.0290162	4.95571	5.09015 
26 	100   	4.9992 	0.0308936	4.95571	5.04717 
27 	100   	4.97933	0.022336 	4.93609	5.06813 
28 	100   	4.96674	0.00989649	4.93609	4.97827 
29 	100   	4.95828	0.00783743	4.93609	4.97619 
30 	100   	4.9539 	0.00517657	4.9336 	4.95799 
31 	100   	4.95121	0.00718692	4.9336 	4.95799 
32 	100   	4.94547	0.00895701	4.93315	4.95571 
33 	100   	4.9381 	0.00706086	4.93063	4.95571 
34 	100   	4.93359	0.00110487	4.93063	4.93609 
35 	100   	4.93304	0.00126354	4.93063	4.93609 
36 	100   	4.93228	0.00141642	4.93063	4.93609 
37 	100   	4.9311 	0.000951256	4.93063	4.93315 
38 	100   	4.93063	1.77636e-15	4.93063	4.93063 
39 	100   	4.93063	1.77636e-15	4.93063	4.93063 
40 	100   	4.93063	1.77636e-15	4.93063	4.93063 
41 	100   	4.93063	1.77636e-15	4.93063	4.93063 
42 	100   	4.93063	1.77636e-15	4.93063	4.93063 
43 	100   	4.93063	1.77636e-15	4.93063	4.93063 
44 	100   	4.93063	1.77636e-15	4.93063	4.93063 
45 	100   	4.93063	1.77636e-15	4.93063	4.93063 
46 	100   	4.93063	1.77636e-15	4.93063	4.93063 
47 	100   	4.93063	1.77636e-15	4.93063	4.93063 
48 	100   	4.93063	1.77636e-15	4.93063	4.93063 
49 	100   	4.93063	1.77636e-15	4.93063	4.93063 
50 	100   	4.93063	1.77636e-15	4.93063	4.93063 

GENERATION 50 INDIVIDUALS 800 CROSSOVER PROPABLITY 0.5 MUTATION PROBABLITY 0
0  	800   	12.126	1.13383	8.18947	16.4343
1  	414   	11.2106	0.883568	7.93056	15.2619
2  	386   	10.4775	0.72103 	7.93056	12.6874
3  	396   	9.87688	0.649291	7.42383	11.7143
4  	394   	9.32817	0.597529	7.27313	11.383 
5  	404   	8.7924 	0.580758	6.95567	10.8265
6  	416   	8.31055	0.555754	6.63164	10.329 
7  	404   	7.84861	0.475733	6.40861	9.37746
8  	386   	7.42622	0.414125	6.40861	9.32117
9  	406   	7.07419	0.314302	6.29401	8.35657
10 	416   	6.82056	0.273605	5.88164	7.90147
11 	378   	6.57961	0.27203 	5.32855	7.42304
12 	418   	6.3638 	0.261785	5.31768	7.25415
13 	396   	6.12757	0.281627	4.89236	7.0087 
14 	368   	5.90321	0.303486	4.89236	6.70956
15 	370   	5.62689	0.301226	4.6094 	6.76878
16 	422   	5.37479	0.247636	4.6094 	6.16665
17 	446   	5.17058	0.216832	4.58259	5.90219
18 	412   	4.98903	0.175019	4.53374	5.44806
19 	380   	4.83005	0.143828	4.50234	5.25756
20 	378   	4.70709	0.105272	4.47457	5.10551
21 	406   	4.62135	0.0676137	4.37083	4.9537 
22 	414   	4.56707	0.0647474	4.31924	4.86039
23 	376   	4.51152	0.0729899	4.25165	4.73962
24 	368   	4.44822	0.075009 	4.1757 	4.69573
25 	382   	4.3837 	0.0659924	4.16397	4.61626
26 	404   	4.32835	0.0594609	4.13537	4.58758
27 	382   	4.28047	0.0510069	4.1181 	4.46037
28 	402   	4.23567	0.0459671	4.11368	4.39112
29 	362   	4.19909	0.0379106	4.10288	4.33018
30 	388   	4.16618	0.030595 	4.0903 	4.26242
31 	424   	4.14076	0.0216699	4.07931	4.20769
32 	398   	4.12247	0.0179629	4.04867	4.18738
33 	368   	4.10761	0.0170374	4.046  	4.16397
34 	360   	4.09383	0.0168336	4.03096	4.1484 
35 	404   	4.08009	0.0190356	4.02891	4.13537
36 	390   	4.06412	0.0180754	4.02705	4.11954
37 	366   	4.04861	0.0118565	3.99703	4.11473
38 	396   	4.03979	0.00974156	3.99603	4.07602
39 	396   	4.03171	0.0104455 	3.99603	4.06246
40 	416   	4.02335	0.0105376 	3.97211	4.06164
41 	390   	4.01466	0.0104942 	3.97211	4.04805
42 	390   	4.00548	0.0109627 	3.96691	4.046  
43 	368   	3.9966 	0.0106291 	3.95114	4.03104
44 	360   	3.98789	0.0106336 	3.94507	4.01834
45 	414   	3.97844	0.0115755 	3.94507	4.01834
46 	416   	3.96868	0.00934831	3.94492	4.0143 
47 	412   	3.96178	0.00962344	3.94492	3.99331
48 	386   	3.95391	0.009183  	3.94492	3.98363
49 	406   	3.94717	0.0049142 	3.94492	3.96691
50 	388   	3.94513	0.000821197	3.94492	3.96038



Experiment 2:  Both single-point crossover and mutation 

GENERATION 10 INDIVIDUALS 10 CROSSOVER PROPABLITY 1 MUTATION PROBABLITY 0.5
[2016-01-05 14:08:52,077] launcher  INFO    Worker distribution: 
gen	nevals	avg    	std    	min    	max    
0  	10    	13.0119	1.13216	11.1716	14.6231 
1  	10    	12.1058	1.46063	9.68024	14.0921 
2  	10    	10.8293	0.94749	9.49983	12.454 
3  	10    	9.93605	0.679447	9.49983	11.8219 
4  	10    	9.63631	0.326423	8.95308	10.2197 
5  	10    	9.49591	0.204478	8.95416	9.71796 
6  	10    	9.24298	0.264978	8.82452	9.52221 
7  	10    	8.89952	0.0679846	8.79595	8.97581 
8  	10    	8.84706	0.0581414	8.79595	8.95256 
9  	10    	8.82307	0.0730947	8.66992	8.98009 
10 	10    	8.8051 	0.0791935	8.65608	8.95887

GENERATION 50 INDIVIDUALS 100 CROSSOVER PROPABLITY 1 MUTATION PROBABLITY 0.5
[2016-01-05 14:21:49,550] launcher  (127.0.0.1:40470) INFO    Root process is done. 
gen	nevals	avg    	std    	min    	max    
0  	100   	12.0978	1.25024	8.86877	14.9804 
1  	100   	11.0735	1.16818	8.27174	13.9622 
2  	100   	10.3247	0.979475	8.0869 	12.2673 
3  	100   	9.49942	0.910792	7.77154	12.0441 
4  	100   	8.8364 	0.808592	6.67246	10.8099 
5  	100   	8.17926	0.640241	6.87187	10.4548 
6  	100   	7.69902	0.544228	6.50112	9.81657 
7  	100   	7.3491 	0.436375	6.44264	8.71175 
8  	100   	6.97827	0.35575 	6.20688	7.90717 
9  	100   	6.64035	0.271114	5.93211	7.29341 
10 	100   	6.39889	0.246847	5.89428	6.89962 
11 	100   	6.16376	0.226517	5.61642	6.6649 
12 	100   	5.99149	0.200098	5.58479	6.53789 
13 	100   	5.80895	0.172002	5.48887	6.35793 
14 	100   	5.68746	0.116284	5.43652	6.00542 
15 	100   	5.59013	0.116749	5.33792	5.95172 
16 	100   	5.50619	0.118856	5.27217	5.86255 
17 	100   	5.41571	0.107874	5.10712	5.68649 
18 	100   	5.32043	0.108414	5.10681	5.76291 
19 	100   	5.2333 	0.0949192	5.02621	5.46188 
20 	100   	5.14972	0.0871159	4.99371	5.35503 
21 	100   	5.07904	0.06393  	4.92816	5.29341 
22 	100   	5.03624	0.0561048	4.91058	5.16203 
23 	100   	4.99941	0.0629127	4.82771	5.12756 
24 	100   	4.95596	0.0697139	4.76549	5.18688 
25 	100   	4.90455	0.0959659	4.76549	5.65045 
26 	100   	4.85659	0.0508492	4.76789	4.98696 
27 	100   	4.82306	0.0440575	4.72318	4.94876 
28 	100   	4.79933	0.0496638	4.70384	4.97619 
29 	100   	4.76686	0.0464881	4.68042	4.91701 
30 	100   	4.74115	0.0487462	4.65521	4.87759 
31 	100   	4.70828	0.038863 	4.64813	4.82557 
32 	100   	4.68529	0.0337092	4.61462	4.7935 
33 	100   	4.66747	0.0361431	4.60088	4.80158 
34 	100   	4.64728	0.0388179	4.51172	4.77837 
35 	100   	4.62872	0.0404978	4.54743	4.79926 
36 	100   	4.60707	0.042887 	4.49192	4.75961 
37 	100   	4.57947	0.0366987	4.48741	4.69257 
38 	100   	4.5619 	0.0476289	4.46799	4.72717 
39 	100   	4.53375	0.0439433	4.456  	4.73705 
40 	100   	4.5133 	0.0534889	4.43247	4.84222 
41 	100   	4.48916	0.0401886	4.38656	4.62034 
42 	100   	4.46994	0.0411401	4.35072	4.58485 
43 	100   	4.44089	0.0440598	4.35072	4.56838 
44 	100   	4.4152 	0.0423606	4.32464	4.52835 
45 	100   	4.39927	0.0393765	4.33195	4.50793 
46 	100   	4.38393	0.0386945	4.30992	4.51187 
47 	100   	4.37138	0.0452212	4.29993	4.52883 
48 	100   	4.35245	0.0391098	4.27685	4.5388 
49 	100   	4.33912	0.0365006	4.27685	4.47614 
50 	100   	4.32703	0.0339845	4.25943	4.47725 

GENERATION 50 INDIVIDUALS 200 CROSSOVER PROPABLITY 1 MUTATION PROBABLITY 0.5
[2016-01-07 11:24:39,567] launcher  INFO    Worker distribution: 
gen	nevals	avg   	std    	min    	max   
0  	200   	12.055	1.07948	9.79387	15.543 
1  	200   	11.1605	0.746671	8.91135	12.9867 
2  	200   	10.5227	0.701058	8.82869	12.5095 
3  	200   	9.94696	0.742837	8.17051	11.977 
4  	200   	9.32726	0.658701	7.78729	11.1114 
5  	200   	8.76974	0.571366	7.42032	10.6119 
6  	200   	8.30975	0.420902	7.23919	9.39781 
7  	200   	7.94927	0.39928 	6.86332	9.10012 
8  	200   	7.60193	0.376679	6.52382	8.5734 
9  	200   	7.24077	0.354133	6.18208	8.16426 
10 	200   	6.95224	0.301012	6.13633	7.69728 
11 	200   	6.703  	0.3229  	5.74724	7.48745 
12 	200   	6.47858	0.312266	5.56544	7.16264 
13 	200   	6.20545	0.278351	5.50754	6.85802 
14 	200   	5.97868	0.237549	5.10018	6.58446 
15 	200   	5.80677	0.209018	5.06372	6.49249 
16 	200   	5.62907	0.185095	5.18852	6.31208 
17 	200   	5.48049	0.168234	5.06786	6.09539 
18 	200   	5.33906	0.154314	4.78153	5.79248 
19 	200   	5.20869	0.145726	4.78153	5.59167 
20 	200   	5.08722	0.155411	4.51854	5.80892 
21 	200   	4.9643 	0.140166	4.47278	5.3845 
22 	200   	4.84423	0.139235	4.43141	5.23798 
23 	200   	4.72183	0.153725	4.25434	5.12459 
24 	200   	4.59625	0.150812	4.22432	5.00423 
25 	200   	4.47635	0.125341	4.20137	4.87404 
26 	200   	4.38713	0.08443 	4.18593	4.71519 
27 	200   	4.33527	0.0704888	4.17894	4.58349 
28 	200   	4.27652	0.0662011	4.08113	4.49545 
29 	200   	4.2351 	0.0589618	4.07354	4.39723 
30 	200   	4.19256	0.0577828	4.0187 	4.3582 
31 	200   	4.14931	0.0676368	3.99062	4.31939 
32 	200   	4.10241	0.0643168	3.91546	4.31301 
33 	200   	4.05558	0.0549705	3.91546	4.23052 
34 	200   	4.01667	0.0568492	3.85281	4.16683 
35 	200   	3.98215	0.0505784	3.85281	4.1417 
36 	200   	3.94935	0.0461872	3.83273	4.09085 
37 	200   	3.91762	0.0508189	3.742  	4.04315 
38 	200   	3.88416	0.0580178	3.71179	4.01889 
39 	200   	3.83366	0.0663542	3.68819	4.04249 
40 	200   	3.78502	0.057691 	3.67848	3.99129 
41 	200   	3.75023	0.0471804	3.65861	3.9091 
42 	200   	3.72611	0.045609 	3.61053	3.95325 
43 	200   	3.70107	0.0387626	3.58871	3.82768 
44 	200   	3.67869	0.0362266	3.59265	3.79002 
45 	200   	3.66269	0.0451059	3.54545	3.80476 
46 	200   	3.6385 	0.0415669	3.54397	3.77504 
47 	200   	3.61785	0.0411456	3.51887	3.78181 
48 	200   	3.59549	0.0423894	3.50988	3.78749 
49 	200   	3.57392	0.0362559	3.49744	3.71227 
50 	200   	3.55629	0.0336592	3.49493	3.70438 


GENERATION 50 INDIVIDUALS 400 CROSSOVER PROPABLITY 1 MUTATION PROBABLITY 0.5
[2016-01-05 15:21:05,621] launcher  INFO    Deploying 4 worker(s) over 1 host(s). 
gen	nevals	avg    	std    	min    	max    
0  	400   	12.1662	1.16817	8.63116	15.3176 
1  	400   	11.1407	0.962516	8.26251	14.6221 
2  	400   	10.3439	0.810791	8.10363	12.5047 
3  	400   	9.59868	0.837414	7.48711	11.5739 
4  	400   	8.87557	0.697846	6.76807	11.3837 
5  	400   	8.27992	0.596796	6.84504	10.3862 
6  	400   	7.80994	0.503548	6.39064	9.23701 
7  	400   	7.39981	0.465865	5.89986	9.25086 
8  	400   	7.00584	0.452846	5.4795 	8.1715 
9  	400   	6.65764	0.439506	5.1375 	8.01041 
10 	400   	6.22769	0.430572	4.97717	7.33581 
11 	400   	5.84825	0.396615	4.76185	7.27495 
12 	400   	5.50152	0.31761 	4.59983	6.45696 
13 	400   	5.24489	0.277699	4.27115	6.09796 
14 	400   	5.02524	0.213557	4.27081	5.64798 
15 	400   	4.84018	0.230897	4.14299	5.70523 
16 	400   	4.63259	0.199272	4.14085	5.19204 
17 	400   	4.46617	0.177016	4.02989	4.97297 
18 	400   	4.31279	0.145134	3.93697	4.95264 
19 	400   	4.18768	0.128995	3.85043	4.67509 
20 	400   	4.09513	0.124863	3.69942	4.44678 
21 	400   	3.9965 	0.121257	3.66298	4.35841 
22 	400   	3.89789	0.112529	3.59131	4.30762 
23 	400   	3.80772	0.109635	3.4938 	4.12236 
24 	400   	3.71539	0.100527	3.47348	4.21726 
25 	400   	3.63178	0.0727703	3.44258	3.87379 
26 	400   	3.57063	0.0510722	3.42359	3.73411 
27 	400   	3.53138	0.0601471	3.37664	4.26614 
28 	400   	3.49042	0.0426474	3.32444	3.61094 
29 	400   	3.4596 	0.0446737	3.28426	3.59313 
30 	400   	3.42156	0.0475918	3.26138	3.53227 
31 	400   	3.38437	0.0519327	3.21743	3.60374 
32 	400   	3.34776	0.0556855	3.16684	3.53723 
33 	400   	3.30692	0.0541362	3.15738	3.46828 
34 	400   	3.26569	0.0535244	3.08996	3.44936 
35 	400   	3.22528	0.0577612	3.04428	3.45335 
36 	400   	3.18522	0.0657284	2.93935	3.40577 
37 	400   	3.13917	0.0710353	2.9707 	3.93036 
38 	400   	3.09556	0.0680957	2.94231	3.85479 
39 	400   	3.05467	0.0654783	2.91182	3.84638 
40 	400   	3.02192	0.052255 	2.87854	3.21764 
41 	400   	2.98487	0.050036 	2.83356	3.16665 
42 	400   	2.95344	0.0492239	2.79787	3.13825 
43 	400   	2.9221 	0.0478804	2.78672	3.14623 
44 	400   	2.89384	0.0525355	2.77395	3.12525 
45 	400   	2.86255	0.0473303	2.74319	3.09507 
46 	400   	2.83867	0.0427724	2.7265 	2.99799 
47 	400   	2.81655	0.0405553	2.71948	3.05489 
48 	400   	2.79775	0.0420883	2.70316	3.00177 
49 	400   	2.77472	0.0357786	2.70118	2.96222 
50 	400   	2.76148	0.036697 	2.69142	2.97565

GENERATION 50 INDIVIDUALS 800 CROSSOVER PROPABLITY 1 MUTATION PROBABLITY 0.5
[2016-01-05 16:47:12,333] launcher INFO 127.0.0.1: 3 + origin
gen nevals avg std min max 
0 800 12.06 1.14302 8.79274 15.62
1 800 11.1374 1.0078 7.84812 13.9409
2 800 10.2674 0.835537 8.04583 12.834 
3 800 9.59105 0.75607 7.26322 12.2684
4 800 8.95002 0.70246 6.69735 11.1086
5 800 8.36357 0.616848 6.58067 10.3871
6 800 7.86867 0.554664 6.20591 9.59391
7 800 7.42047 0.507915 6.14249 8.97605
8 800 6.98992 0.456821 5.84016 8.49048
9 800 6.59363 0.404393 5.45842 7.80198
10 800 6.25072 0.359798 5.21309 7.48829
11 800 5.92868 0.327106 4.91896 6.85121
12 800 5.64604 0.312924 4.76658 6.71564
13 800 5.38132 0.278367 4.5655 6.30822
14 800 5.16161 0.236782 4.38103 5.92553
15 800 4.97168 0.217534 4.3702 5.64799
16 800 4.78503 0.188637 4.16166 5.38041
17 800 4.62362 0.181541 4.07959 5.47758
18 800 4.47344 0.164872 3.98404 4.9849 
19 800 4.33614 0.156123 3.91278 4.89717
20 800 4.21254 0.132201 3.83519 4.63211
21 800 4.09958 0.125387 3.75776 4.83246
22 800 3.99858 0.108353 3.72232 4.46153
23 800 3.90954 0.088637 3.65573 4.203 
24 800 3.83731 0.0820911 3.55528 4.51877
25 800 3.77541 0.0759032 3.52638 3.98157
26 800 3.71463 0.0733012 3.49859 3.92185
27 800 3.65264 0.0727872 3.41224 3.8989 
28 800 3.59692 0.073323 3.38814 4.1191 
29 800 3.53892 0.0710562 3.33168 3.83656
30 800 3.484 0.0731764 3.22477 4.14399
31 800 3.43364 0.0672698 3.24017 3.62936
32 800 3.38083 0.066335 3.19053 3.66236
33 800 3.33049 0.0610458 3.12537 3.55484
34 800 3.2853 0.0613927 3.09732 3.4901 
35 800 3.24097 0.0638245 3.05766 3.8003 
36 800 3.1984 0.0625489 3.0528 3.98624
37 800 3.15695 0.0510452 2.97769 3.29838
38 800 3.12049 0.04884 2.9675 3.34068
39 800 3.08767 0.0469819 2.9564 3.24079
40 800 3.05576 0.0456377 2.87876 3.23105
41 800 3.02901 0.0557611 2.88783 3.86501
42 800 2.99328 0.050258 2.83859 3.20451
43 800 2.95818 0.0582155 2.79177 3.50704
44 800 2.92048 0.0509539 2.78287 3.21513
45 800 2.88389 0.049653 2.7282 3.08733
46 800 2.85106 0.0523437 2.6886 3.09992
47 800 2.81658 0.056421 2.67921 3.64277
48 800 2.78783 0.0498998 2.62385 3.03712
49 800 2.7573 0.0481666 2.62385 2.9508 
50 800 2.7275 0.050125 2.60397 2.91614
[2016-01-05 23:17:19,354

Experiment 3:Mutation operator only 
GENERATION 50 INDIVIDUALS 100 CROSSOVER PROPABLITY 0 MUTATION PROBABLITY 1
[2016-01-07 15:16:42,787] launcher  INFO       127.0.0.1:	3 + origin 
gen	nevals	avg    	std   	min    	max    
0  	100   	12.1582	1.0114	9.89302	14.7785 
1  	100   	11.2474	0.634763	9.78966	13.044 
2  	100   	10.7239	0.482322	9.72537	11.858 
3  	100   	10.3957	0.388953	9.68418	11.1886 
4  	100   	10.0728	0.279397	9.63493	11.0604 
5  	100   	9.82292	0.171904	9.59895	10.3865 
6  	100   	9.70497	0.0768358	9.51977	9.93343 
7  	100   	9.64354	0.0646792	9.48139	10.0215 
8  	100   	9.59291	0.0576584	9.44076	9.69475 
9  	100   	9.54431	0.0651055	9.42444	9.67707 
10 	100   	9.49237	0.0534715	9.38193	9.62849 
11 	100   	9.44556	0.0448901	9.30468	9.59007 
12 	100   	9.41284	0.054089 	9.29666	9.75232 
13 	100   	9.38075	0.056236 	9.25754	9.5838 
14 	100   	9.33515	0.0481356	9.22261	9.45355 
15 	100   	9.29159	0.0451394	9.16388	9.43965 
16 	100   	9.25603	0.0543362	9.10467	9.38622 
17 	100   	9.22943	0.0869818	9.0515 	9.87675 
18 	100   	9.17723	0.0547546	9.03441	9.30402 
19 	100   	9.13095	0.0559157	8.99591	9.28322 
20 	100   	9.11045	0.062183 	8.97504	9.3225 
21 	100   	9.07049	0.0531934	8.97082	9.20832 
22 	100   	9.0445 	0.0537108	8.9406 	9.2294 
23 	100   	9.02156	0.0427636	8.94154	9.15189 
24 	100   	9.00278	0.0488498	8.89691	9.16698 
25 	100   	8.97535	0.0424256	8.84497	9.1659 
26 	100   	8.96876	0.0819177	8.86102	9.65232 
27 	100   	8.9448 	0.0452989	8.86106	9.14747 
28 	100   	8.92421	0.0476795	8.82399	9.11483 
29 	100   	8.90373	0.0538929	8.81347	9.09264 
30 	100   	8.87924	0.0497803	8.79355	9.14778 
31 	100   	8.87354	0.0950588	8.75698	9.59191 
32 	100   	8.84269	0.0531151	8.74086	9.0511 
33 	100   	8.81778	0.052041 	8.70726	8.99519 
34 	100   	8.80239	0.0594737	8.67906	9.0473 
35 	100   	8.78402	0.0942808	8.67318	9.54087 
36 	100   	8.75805	0.0680103	8.6482 	9.16276 
37 	100   	8.73766	0.0611722	8.59761	8.94081 
38 	100   	8.71523	0.0564028	8.59902	8.96736 
39 	100   	8.6944 	0.050434 	8.59498	8.83131 
40 	100   	8.66988	0.0571015	8.56288	8.90395 
41 	100   	8.65794	0.0837597	8.57966	9.37358 
42 	100   	8.64319	0.0486231	8.56145	8.86517 
43 	100   	8.62818	0.05644  	8.53726	8.8783 
44 	100   	8.61147	0.046072 	8.53726	8.80366 
45 	100   	8.60485	0.0465714	8.51525	8.79835 
46 	100   	8.58913	0.046783 	8.50427	8.78821 
47 	100   	8.58702	0.0561767	8.50403	8.81718 
48 	100   	8.57121	0.0499074	8.49963	8.79902 
49 	100   	8.55929	0.0446042	8.49489	8.80841 
50 	100   	8.56309	0.0544309	8.46009	8.74598

